14
3
 1286.533333333333300  1395.066666666666600
 1286.400000000000100  1395.200000000000000
 1286.800000000000000  1395.200000000000000
1191
 1304.400000000000100  1396.400000000000100
 1306.800000000000000  1396.000000000000000
 1306.800000000000000  1395.599999999999900
 1308.400000000000100  1396.000000000000000
 1308.800000000000000  1395.599999999999900
 1307.599999999999900  1392.800000000000000
 1307.599999999999900  1392.000000000000000
 1308.800000000000000  1392.000000000000000
 1307.599999999999900  1389.599999999999900
 1307.200000000000000  1389.200000000000000
 1306.400000000000100  1387.599999999999900
 1304.400000000000100  1387.200000000000000
 1302.800000000000000  1384.000000000000000
 1299.599999999999900  1382.000000000000000
 1298.800000000000000  1381.599999999999900
 1298.000000000000000  1380.800000000000000
 1296.400000000000100  1379.200000000000000
 1296.000000000000000  1377.599999999999900
 1295.200000000000000  1377.599999999999900
 1294.400000000000100  1377.200000000000000
 1293.599999999999900  1376.800000000000000
 1293.599999999999900  1376.400000000000100
 1295.200000000000000  1376.400000000000100
 1296.400000000000100  1376.800000000000000
 1296.800000000000000  1376.800000000000000
 1296.800000000000000  1376.400000000000100
 1298.000000000000000  1376.400000000000100
 1298.800000000000000  1377.599999999999900
 1299.200000000000000  1377.200000000000000
 1298.000000000000000  1375.200000000000000
 1296.400000000000100  1373.599999999999900
 1296.000000000000000  1373.599999999999900
 1296.000000000000000  1374.000000000000000
 1295.200000000000000  1374.000000000000000
 1294.000000000000000  1373.200000000000000
 1292.400000000000100  1373.599999999999900
 1292.400000000000100  1372.400000000000100
 1290.800000000000000  1371.200000000000000
 1290.400000000000100  1370.400000000000100
 1293.200000000000000  1372.800000000000000
 1295.200000000000000  1372.800000000000000
 1295.599999999999900  1373.599999999999900
 1296.400000000000100  1372.800000000000000
 1294.800000000000000  1371.200000000000000
 1294.800000000000000  1370.400000000000100
 1294.000000000000000  1370.000000000000000
 1293.599999999999900  1369.599999999999900
 1292.800000000000000  1370.000000000000000
 1293.200000000000000  1369.599999999999900
 1292.800000000000000  1368.800000000000000
 1293.599999999999900  1368.400000000000100
 1294.000000000000000  1368.400000000000100
 1295.599999999999900  1370.000000000000000
 1295.599999999999900  1370.400000000000100
 1295.200000000000000  1371.200000000000000
 1298.000000000000000  1371.200000000000000
 1300.400000000000100  1372.000000000000000
 1302.000000000000000  1372.400000000000100
 1302.800000000000000  1373.599999999999900
 1304.800000000000000  1374.400000000000100
 1308.800000000000000  1372.400000000000100
 1310.800000000000000  1373.599999999999900
 1311.200000000000000  1373.200000000000000
 1312.400000000000100  1373.200000000000000
 1316.800000000000000  1372.400000000000100
 1317.599999999999900  1372.400000000000100
 1318.400000000000100  1373.200000000000000
 1319.599999999999900  1372.400000000000100
 1320.400000000000100  1373.200000000000000
 1322.000000000000000  1373.200000000000000
 1322.000000000000000  1372.400000000000100
 1322.800000000000000  1372.800000000000000
 1323.599999999999900  1372.400000000000100
 1324.000000000000000  1371.599999999999900
 1324.000000000000000  1370.400000000000100
 1324.800000000000000  1368.800000000000000
 1324.400000000000100  1368.800000000000000
 1324.800000000000000  1368.000000000000000
 1325.200000000000000  1368.000000000000000
 1321.599999999999900  1363.200000000000000
 1320.800000000000000  1360.400000000000100
 1321.200000000000000  1359.599999999999900
 1319.599999999999900  1356.000000000000000
 1319.599999999999900  1354.400000000000100
 1318.400000000000100  1352.400000000000100
 1317.200000000000000  1351.200000000000000
 1316.800000000000000  1351.200000000000000
 1316.800000000000000  1349.200000000000000
 1315.599999999999900  1348.400000000000100
 1316.000000000000000  1347.599999999999900
 1315.200000000000000  1346.000000000000000
 1312.800000000000000  1344.400000000000100
 1312.400000000000100  1344.000000000000000
 1311.599999999999900  1344.000000000000000
 1310.800000000000000  1343.599999999999900
 1310.000000000000000  1344.000000000000000
 1309.200000000000000  1343.599999999999900
 1308.400000000000100  1343.599999999999900
 1305.599999999999900  1342.000000000000000
 1304.800000000000000  1341.599999999999900
 1305.200000000000000  1341.200000000000000
 1306.400000000000100  1342.000000000000000
 1310.400000000000100  1343.599999999999900
 1311.599999999999900  1343.200000000000000
 1311.200000000000000  1342.000000000000000
 1311.200000000000000  1341.599999999999900
 1312.000000000000000  1340.400000000000100
 1313.599999999999900  1340.400000000000100
 1314.800000000000000  1338.800000000000000
 1313.200000000000000  1338.000000000000000
 1311.599999999999900  1337.599999999999900
 1309.599999999999900  1337.599999999999900
 1307.200000000000000  1335.200000000000000
 1306.800000000000000  1334.400000000000100
 1305.200000000000000  1334.000000000000000
 1303.599999999999900  1332.800000000000000
 1301.200000000000000  1334.000000000000000
 1299.599999999999900  1334.000000000000000
 1299.599999999999900  1332.800000000000000
 1302.000000000000000  1332.800000000000000
 1304.000000000000000  1332.400000000000100
 1304.400000000000100  1332.800000000000000
 1305.200000000000000  1332.400000000000100
 1307.200000000000000  1332.400000000000100
 1307.599999999999900  1331.599999999999900
 1308.800000000000000  1331.599999999999900
 1309.599999999999900  1332.400000000000100
 1310.000000000000000  1332.400000000000100
 1310.800000000000000  1332.800000000000000
 1310.800000000000000  1333.599999999999900
 1311.599999999999900  1334.400000000000100
 1313.599999999999900  1334.400000000000100
 1314.800000000000000  1332.800000000000000
 1316.000000000000000  1332.800000000000000
 1318.400000000000100  1330.800000000000000
 1320.800000000000000  1330.400000000000100
 1321.599999999999900  1329.599999999999900
 1322.800000000000000  1326.800000000000000
 1324.800000000000000  1324.400000000000100
 1325.200000000000000  1324.400000000000100
 1325.599999999999900  1324.000000000000000
 1325.599999999999900  1323.599999999999900
 1325.599999999999900  1323.200000000000000
 1327.200000000000000  1323.200000000000000
 1327.599999999999900  1321.599999999999900
 1328.400000000000100  1320.400000000000100
 1328.400000000000100  1319.200000000000000
 1328.000000000000000  1318.000000000000000
 1328.800000000000000  1316.800000000000000
 1328.400000000000100  1315.599999999999900
 1329.599999999999900  1313.200000000000000
 1329.599999999999900  1312.400000000000100
 1330.599999999999900  1309.733333333333600
 1330.599999999999900  1329.200000000000000
 1346.200000000000000  1313.599999999999900
 1361.800000000000000  1344.800000000000000
 1393.000000000000000  1313.599999999999900
 1361.800000000000000  1298.000000000000000
 1377.400000000000100  1282.399999999999900
 1349.828571428571400  1282.399999999999900
 1351.200000000000000  1280.000000000000000
 1352.800000000000000  1277.200000000000000
 1352.933333333333400  1276.666666666666500
 1352.800000000000000  1276.800000000000000
 1351.599999999999900  1277.200000000000000
 1351.200000000000000  1276.800000000000000
 1350.400000000000100  1276.800000000000000
 1349.599999999999900  1277.200000000000000
 1348.000000000000000  1279.200000000000000
 1347.200000000000000  1279.599999999999900
 1345.599999999999900  1278.400000000000100
 1343.599999999999900  1278.000000000000000
 1342.400000000000100  1278.800000000000000
 1341.200000000000000  1278.000000000000000
 1341.599999999999900  1277.599999999999900
 1342.800000000000000  1278.000000000000000
 1344.000000000000000  1277.599999999999900
 1344.800000000000000  1277.599999999999900
 1347.200000000000000  1278.400000000000100
 1348.000000000000000  1278.000000000000000
 1348.400000000000100  1277.200000000000000
 1350.400000000000100  1275.599999999999900
 1351.200000000000000  1275.599999999999900
 1351.599999999999900  1274.400000000000100
 1352.400000000000100  1273.200000000000000
 1353.599999999999900  1273.200000000000000
 1354.000000000000000  1272.400000000000100
 1354.800000000000000  1271.200000000000000
 1356.000000000000000  1267.599999999999900
 1356.400000000000100  1266.800000000000000
 1377.400000000000100  1266.800000000000000
 1371.177777777777900  1260.577777777777800
 1372.400000000000100  1259.599999999999900
 1376.000000000000000  1257.200000000000000
 1376.400000000000100  1257.200000000000000
 1377.599999999999900  1254.400000000000100
 1377.599999999999900  1252.800000000000000
 1378.000000000000000  1251.599999999999900
 1377.599999999999900  1250.000000000000000
 1378.000000000000000  1248.800000000000000
 1376.400000000000100  1245.599999999999900
 1376.400000000000100  1243.900000000000100
 1393.000000000000000  1235.599999999999900
 1361.800000000000000  1204.399999999999900
 1359.099999999999900  1209.800000000000000
 1358.400000000000100  1208.400000000000100
 1357.599999999999900  1207.599999999999900
 1354.400000000000100  1208.800000000000000
 1351.200000000000000  1210.000000000000000
 1344.000000000000000  1208.400000000000100
 1343.599999999999900  1207.599999999999900
 1343.200000000000000  1208.400000000000100
 1343.200000000000000  1207.200000000000000
 1342.400000000000100  1207.200000000000000
 1340.800000000000000  1208.400000000000100
 1341.200000000000000  1208.400000000000100
 1340.800000000000000  1209.599999999999900
 1340.400000000000100  1209.200000000000000
 1340.000000000000000  1209.599999999999900
 1339.599999999999900  1209.599999999999900
 1340.000000000000000  1209.200000000000000
 1340.400000000000100  1208.400000000000100
 1339.200000000000000  1208.400000000000100
 1339.200000000000000  1209.599999999999900
 1338.400000000000100  1209.200000000000000
 1338.400000000000100  1208.000000000000000
 1337.599999999999900  1208.000000000000000
 1338.000000000000000  1209.200000000000000
 1338.000000000000000  1210.000000000000000
 1336.400000000000100  1209.200000000000000
 1337.200000000000000  1208.800000000000000
 1336.800000000000000  1208.000000000000000
 1334.400000000000100  1209.200000000000000
 1333.599999999999900  1210.400000000000100
 1332.000000000000000  1211.200000000000000
 1332.000000000000000  1210.800000000000000
 1333.200000000000000  1210.400000000000100
 1334.400000000000100  1208.800000000000000
 1333.599999999999900  1208.000000000000000
 1332.400000000000100  1208.000000000000000
 1331.200000000000000  1206.800000000000000
 1326.400000000000100  1206.800000000000000
 1325.200000000000000  1205.599999999999900
 1325.200000000000000  1206.800000000000000
 1323.599999999999900  1206.800000000000000
 1323.200000000000000  1205.599999999999900
 1323.599999999999900  1206.000000000000000
 1323.599999999999900  1205.200000000000000
 1325.200000000000000  1205.200000000000000
 1325.200000000000000  1204.400000000000100
 1325.599999999999900  1204.400000000000100
 1325.200000000000000  1204.000000000000000
 1324.800000000000000  1203.200000000000000
 1323.200000000000000  1203.200000000000000
 1321.200000000000000  1204.000000000000000
 1318.000000000000000  1204.000000000000000
 1317.599999999999900  1203.599999999999900
 1317.200000000000000  1202.800000000000000
 1318.000000000000000  1202.000000000000000
 1317.200000000000000  1201.200000000000000
 1317.200000000000000  1202.400000000000100
 1314.800000000000000  1204.400000000000100
 1312.400000000000100  1206.000000000000000
 1310.800000000000000  1206.400000000000100
 1309.599999999999900  1205.599999999999900
 1306.000000000000000  1205.599999999999900
 1303.599999999999900  1203.200000000000000
 1302.800000000000000  1203.599999999999900
 1302.000000000000000  1205.200000000000000
 1302.400000000000100  1203.200000000000000
 1301.200000000000000  1201.200000000000000
 1301.599999999999900  1200.000000000000000
 1300.400000000000100  1199.200000000000000
 1300.800000000000000  1198.800000000000000
 1301.599999999999900  1198.000000000000000
 1301.200000000000000  1198.000000000000000
 1300.800000000000000  1197.599999999999900
 1300.000000000000000  1197.200000000000000
 1300.000000000000000  1196.800000000000000
 1299.200000000000000  1196.400000000000100
 1299.200000000000000  1195.599999999999900
 1299.200000000000000  1194.400000000000100
 1298.000000000000000  1194.000000000000000
 1297.200000000000000  1194.400000000000100
 1296.400000000000100  1194.400000000000100
 1295.599999999999900  1196.000000000000000
 1294.400000000000100  1196.800000000000000
 1291.599999999999900  1196.800000000000000
 1291.599999999999900  1197.599999999999900
 1290.400000000000100  1198.000000000000000
 1291.200000000000000  1197.599999999999900
 1290.800000000000000  1196.800000000000000
 1290.000000000000000  1196.800000000000000
 1289.599999999999900  1198.000000000000000
 1287.200000000000000  1198.000000000000000
 1286.400000000000100  1197.200000000000000
 1283.200000000000000  1197.200000000000000
 1283.200000000000000  1197.599999999999900
 1282.000000000000000  1197.200000000000000
 1281.200000000000000  1194.800000000000000
 1280.000000000000000  1195.200000000000000
 1279.599999999999900  1194.400000000000100
 1278.800000000000000  1194.400000000000100
 1278.800000000000000  1192.800000000000000
 1278.000000000000000  1192.800000000000000
 1278.000000000000000  1195.200000000000000
 1277.599999999999900  1195.200000000000000
 1277.200000000000000  1194.400000000000100
 1277.599999999999900  1193.599999999999900
 1277.200000000000000  1192.800000000000000
 1277.200000000000000  1192.000000000000000
 1276.400000000000100  1192.000000000000000
 1277.200000000000000  1191.599999999999900
 1277.200000000000000  1190.800000000000000
 1276.800000000000000  1190.000000000000000
 1275.599999999999900  1190.000000000000000
 1275.200000000000000  1188.800000000000000
 1274.400000000000100  1190.000000000000000
 1274.000000000000000  1191.200000000000000
 1273.200000000000000  1191.599999999999900
 1270.800000000000000  1193.200000000000000
 1270.000000000000000  1192.800000000000000
 1270.000000000000000  1192.000000000000000
 1269.599999999999900  1191.200000000000000
 1268.000000000000000  1190.800000000000000
 1267.200000000000000  1191.599999999999900
 1267.599999999999900  1192.000000000000000
 1267.200000000000000  1193.599999999999900
 1268.000000000000000  1193.200000000000000
 1270.000000000000000  1195.200000000000000
 1271.599999999999900  1194.400000000000100
 1272.400000000000100  1195.200000000000000
 1273.200000000000000  1195.200000000000000
 1274.000000000000000  1196.400000000000100
 1274.800000000000000  1197.599999999999900
 1276.000000000000000  1198.400000000000100
 1276.000000000000000  1199.200000000000000
 1277.599999999999900  1199.599999999999900
 1278.400000000000100  1200.800000000000000
 1278.000000000000000  1201.599999999999900
 1278.400000000000100  1202.400000000000100
 1278.800000000000000  1202.400000000000100
 1279.599999999999900  1203.200000000000000
 1279.599999999999900  1202.800000000000000
 1280.000000000000000  1203.599999999999900
 1282.000000000000000  1203.599999999999900
 1282.000000000000000  1205.200000000000000
 1282.500000000000000  1205.699999999999800
 1252.599999999999900  1235.599999999999900
 1283.800000000000000  1251.200000000000000
 1268.200000000000000  1266.800000000000000
 1293.599999999999900  1266.800000000000000
 1296.400000000000100  1267.599999999999900
 1296.800000000000000  1267.599999999999900
 1296.400000000000100  1268.800000000000000
 1297.599999999999900  1268.400000000000100
 1298.400000000000100  1267.599999999999900
 1300.000000000000000  1268.000000000000000
 1303.599999999999900  1269.200000000000000
 1304.800000000000000  1269.200000000000000
 1304.800000000000000  1268.800000000000000
 1307.133333333333400  1266.800000000000000
 1307.733333333333300  1266.800000000000000
 1308.000000000000000  1267.599999999999900
 1306.000000000000000  1270.000000000000000
 1306.400000000000100  1270.000000000000000
 1308.400000000000100  1271.200000000000000
 1308.800000000000000  1270.400000000000100
 1310.000000000000000  1268.400000000000100
 1311.200000000000000  1268.000000000000000
 1312.400000000000100  1268.000000000000000
 1312.800000000000000  1268.800000000000000
 1310.400000000000100  1268.800000000000000
 1309.599999999999900  1270.400000000000100
 1307.599999999999900  1273.200000000000000
 1309.200000000000000  1277.200000000000000
 1311.200000000000000  1278.800000000000000
 1308.400000000000100  1278.800000000000000
 1308.000000000000000  1280.400000000000100
 1308.333333333333500  1282.399999999999900
 1268.200000000000000  1282.399999999999900
 1283.800000000000000  1298.000000000000000
 1271.800000000000000  1304.000000000000000
 1271.599999999999900  1303.200000000000000
 1271.200000000000000  1302.800000000000000
 1269.200000000000000  1302.000000000000000
 1268.400000000000100  1300.400000000000100
 1268.400000000000100  1300.000000000000000
 1269.200000000000000  1300.400000000000100
 1270.800000000000000  1302.400000000000100
 1272.400000000000100  1302.000000000000000
 1273.200000000000000  1302.000000000000000
 1273.599999999999900  1300.400000000000100
 1274.800000000000000  1299.200000000000000
 1274.400000000000100  1298.000000000000000
 1275.200000000000000  1297.200000000000000
 1274.400000000000100  1295.599999999999900
 1274.400000000000100  1294.800000000000000
 1274.400000000000100  1294.400000000000100
 1274.400000000000100  1293.599999999999900
 1273.599999999999900  1293.599999999999900
 1273.200000000000000  1295.200000000000000
 1273.599999999999900  1296.400000000000100
 1273.599999999999900  1297.599999999999900
 1273.200000000000000  1298.000000000000000
 1272.000000000000000  1299.200000000000000
 1271.599999999999900  1299.200000000000000
 1271.200000000000000  1298.000000000000000
 1272.000000000000000  1298.000000000000000
 1271.599999999999900  1297.599999999999900
 1272.000000000000000  1297.200000000000000
 1272.400000000000100  1295.599999999999900
 1270.800000000000000  1294.000000000000000
 1272.800000000000000  1294.800000000000000
 1273.200000000000000  1293.599999999999900
 1273.599999999999900  1293.200000000000000
 1272.800000000000000  1292.400000000000100
 1271.599999999999900  1291.200000000000000
 1271.200000000000000  1291.599999999999900
 1270.400000000000100  1292.000000000000000
 1268.800000000000000  1290.800000000000000
 1268.800000000000000  1289.200000000000000
 1268.400000000000100  1287.599999999999900
 1266.000000000000000  1286.400000000000100
 1265.200000000000000  1286.400000000000100
 1265.599999999999900  1287.200000000000000
 1264.400000000000100  1287.599999999999900
 1264.000000000000000  1287.599999999999900
 1264.400000000000100  1286.400000000000100
 1264.800000000000000  1286.400000000000100
 1265.200000000000000  1286.000000000000000
 1264.000000000000000  1285.200000000000000
 1262.000000000000000  1286.400000000000100
 1261.599999999999900  1286.400000000000100
 1261.599999999999900  1285.599999999999900
 1261.200000000000000  1284.000000000000000
 1261.599999999999900  1283.200000000000000
 1262.800000000000000  1283.200000000000000
 1262.800000000000000  1281.599999999999900
 1263.200000000000000  1280.800000000000000
 1263.200000000000000  1280.000000000000000
 1263.200000000000000  1278.400000000000100
 1263.200000000000000  1277.599999999999900
 1265.200000000000000  1275.599999999999900
 1264.800000000000000  1274.400000000000100
 1264.000000000000000  1272.400000000000100
 1264.400000000000100  1271.200000000000000
 1265.200000000000000  1271.200000000000000
 1265.599999999999900  1270.400000000000100
 1264.000000000000000  1271.200000000000000
 1263.599999999999900  1270.400000000000100
 1263.200000000000000  1270.400000000000100
 1263.599999999999900  1269.200000000000000
 1264.400000000000100  1268.400000000000100
 1264.400000000000100  1266.800000000000000
 1265.200000000000000  1264.400000000000100
 1264.800000000000000  1261.599999999999900
 1266.000000000000000  1261.200000000000000
 1264.800000000000000  1258.400000000000100
 1264.000000000000000  1257.599999999999900
 1263.200000000000000  1256.000000000000000
 1262.000000000000000  1254.000000000000000
 1262.400000000000100  1251.599999999999900
 1260.000000000000000  1247.599999999999900
 1259.599999999999900  1246.800000000000000
 1258.800000000000000  1247.200000000000000
 1258.800000000000000  1246.800000000000000
 1258.800000000000000  1246.000000000000000
 1259.200000000000000  1245.599999999999900
 1259.200000000000000  1244.400000000000100
 1260.000000000000000  1243.599999999999900
 1259.200000000000000  1242.400000000000100
 1258.800000000000000  1242.400000000000100
 1259.200000000000000  1242.800000000000000
 1258.000000000000000  1242.400000000000100
 1258.000000000000000  1242.800000000000000
 1257.599999999999900  1242.800000000000000
 1256.000000000000000  1242.400000000000100
 1254.400000000000100  1244.000000000000000
 1253.200000000000000  1243.200000000000000
 1253.599999999999900  1244.000000000000000
 1252.800000000000000  1244.000000000000000
 1252.400000000000100  1243.599999999999900
 1252.800000000000000  1242.800000000000000
 1252.400000000000100  1242.800000000000000
 1251.599999999999900  1242.000000000000000
 1250.800000000000000  1241.200000000000000
 1250.800000000000000  1241.599999999999900
 1251.599999999999900  1242.000000000000000
 1251.599999999999900  1242.800000000000000
 1251.200000000000000  1243.599999999999900
 1250.800000000000000  1244.000000000000000
 1250.400000000000100  1245.200000000000000
 1250.800000000000000  1243.599999999999900
 1250.400000000000100  1242.800000000000000
 1250.800000000000000  1242.800000000000000
 1250.000000000000000  1241.599999999999900
 1248.400000000000100  1242.000000000000000
 1249.200000000000000  1243.200000000000000
 1248.400000000000100  1243.200000000000000
 1248.400000000000100  1242.400000000000100
 1247.599999999999900  1242.400000000000100
 1247.200000000000000  1242.000000000000000
 1243.599999999999900  1242.000000000000000
 1242.000000000000000  1241.599999999999900
 1242.000000000000000  1241.200000000000000
 1241.200000000000000  1241.599999999999900
 1240.800000000000000  1241.200000000000000
 1241.200000000000000  1240.400000000000100
 1242.000000000000000  1240.000000000000000
 1241.599999999999900  1240.000000000000000
 1241.599999999999900  1239.200000000000000
 1239.599999999999900  1239.200000000000000
 1239.200000000000000  1238.000000000000000
 1237.599999999999900  1238.000000000000000
 1237.200000000000000  1238.800000000000000
 1236.800000000000000  1238.000000000000000
 1236.400000000000100  1238.000000000000000
 1236.800000000000000  1236.800000000000000
 1235.200000000000000  1236.400000000000100
 1234.400000000000100  1235.599999999999900
 1234.800000000000000  1235.200000000000000
 1232.400000000000100  1234.800000000000000
 1231.200000000000000  1235.200000000000000
 1231.200000000000000  1235.599999999999900
 1232.400000000000100  1236.000000000000000
 1232.800000000000000  1236.800000000000000
 1230.800000000000000  1236.400000000000100
 1229.599999999999900  1237.200000000000000
 1229.200000000000000  1236.400000000000100
 1230.000000000000000  1236.400000000000100
 1230.800000000000000  1235.599999999999900
 1230.400000000000100  1234.800000000000000
 1230.400000000000100  1234.400000000000100
 1229.599999999999900  1233.200000000000000
 1228.400000000000100  1233.200000000000000
 1228.000000000000000  1232.800000000000000
 1226.800000000000000  1233.200000000000000
 1227.200000000000000  1232.800000000000000
 1226.400000000000100  1232.000000000000000
 1226.400000000000100  1230.800000000000000
 1226.000000000000000  1231.200000000000000
 1224.400000000000100  1231.200000000000000
 1224.000000000000000  1229.599999999999900
 1223.200000000000000  1229.599999999999900
 1223.200000000000000  1230.400000000000100
 1221.599999999999900  1230.800000000000000
 1221.200000000000000  1229.200000000000000
 1220.400000000000100  1229.200000000000000
 1219.599999999999900  1230.400000000000100
 1218.400000000000100  1229.599999999999900
 1217.599999999999900  1230.800000000000000
 1218.000000000000000  1229.599999999999900
 1216.800000000000000  1229.599999999999900
 1216.800000000000000  1228.800000000000000
 1216.400000000000100  1228.800000000000000
 1215.599999999999900  1229.200000000000000
 1215.599999999999900  1228.800000000000000
 1214.400000000000100  1228.800000000000000
 1214.000000000000000  1229.200000000000000
 1214.400000000000100  1230.400000000000100
 1213.599999999999900  1231.599999999999900
 1213.599999999999900  1230.800000000000000
 1212.800000000000000  1230.400000000000100
 1212.000000000000000  1230.800000000000000
 1212.000000000000000  1229.599999999999900
 1211.599999999999900  1229.599999999999900
 1211.200000000000000  1229.200000000000000
 1210.800000000000000  1229.599999999999900
 1210.800000000000000  1230.800000000000000
 1209.599999999999900  1229.599999999999900
 1210.000000000000000  1229.599999999999900
 1208.800000000000000  1229.200000000000000
 1208.800000000000000  1230.000000000000000
 1208.000000000000000  1229.200000000000000
 1208.000000000000000  1230.000000000000000
 1209.599999999999900  1231.200000000000000
 1210.800000000000000  1231.200000000000000
 1212.400000000000100  1232.800000000000000
 1212.000000000000000  1232.800000000000000
 1208.400000000000100  1231.200000000000000
 1208.000000000000000  1231.200000000000000
 1208.800000000000000  1232.000000000000000
 1209.599999999999900  1232.800000000000000
 1214.000000000000000  1234.000000000000000
 1214.000000000000000  1234.400000000000100
 1213.599999999999900  1234.800000000000000
 1213.200000000000000  1235.599999999999900
 1212.800000000000000  1236.000000000000000
 1212.800000000000000  1235.599999999999900
 1212.000000000000000  1234.000000000000000
 1207.200000000000000  1233.599999999999900
 1206.800000000000000  1233.200000000000000
 1204.800000000000000  1233.200000000000000
 1204.800000000000000  1234.000000000000000
 1204.400000000000100  1234.400000000000100
 1204.800000000000000  1234.400000000000100
 1206.400000000000100  1234.800000000000000
 1206.800000000000000  1235.599999999999900
 1206.000000000000000  1235.599999999999900
 1206.400000000000100  1236.400000000000100
 1207.599999999999900  1236.800000000000000
 1208.000000000000000  1236.400000000000100
 1208.000000000000000  1236.800000000000000
 1209.599999999999900  1236.800000000000000
 1208.800000000000000  1237.200000000000000
 1210.000000000000000  1238.400000000000100
 1210.900000000000100  1238.700000000000000
 1212.400000000000100  1238.400000000000100
 1211.200000000000000  1238.800000000000000
 1210.900000000000100  1238.700000000000000
 1210.400000000000100  1238.800000000000000
 1209.200000000000000  1238.000000000000000
 1208.400000000000100  1238.000000000000000
 1208.000000000000000  1237.599999999999900
 1207.599999999999900  1238.000000000000000
 1204.000000000000000  1236.400000000000100
 1204.000000000000000  1236.800000000000000
 1202.800000000000000  1237.200000000000000
 1203.200000000000000  1237.599999999999900
 1203.599999999999900  1238.400000000000100
 1203.200000000000000  1239.200000000000000
 1202.400000000000100  1238.800000000000000
 1201.200000000000000  1238.000000000000000
 1201.599999999999900  1239.599999999999900
 1200.800000000000000  1239.599999999999900
 1200.400000000000100  1240.400000000000100
 1202.400000000000100  1240.800000000000000
 1202.800000000000000  1240.400000000000100
 1202.400000000000100  1241.200000000000000
 1202.000000000000000  1241.599999999999900
 1202.800000000000000  1242.000000000000000
 1202.800000000000000  1242.400000000000100
 1206.800000000000000  1243.599999999999900
 1207.599999999999900  1244.800000000000000
 1207.599999999999900  1244.000000000000000
 1208.000000000000000  1243.599999999999900
 1208.800000000000000  1245.599999999999900
 1209.200000000000000  1245.200000000000000
 1210.400000000000100  1245.200000000000000
 1208.800000000000000  1246.000000000000000
 1207.599999999999900  1246.000000000000000
 1207.599999999999900  1245.200000000000000
 1207.200000000000000  1246.000000000000000
 1204.400000000000100  1245.200000000000000
 1203.599999999999900  1246.000000000000000
 1202.400000000000100  1246.000000000000000
 1203.200000000000000  1245.599999999999900
 1202.800000000000000  1245.200000000000000
 1201.200000000000000  1246.000000000000000
 1202.000000000000000  1245.599999999999900
 1200.800000000000000  1245.599999999999900
 1200.000000000000000  1246.000000000000000
 1200.000000000000000  1246.400000000000100
 1200.000000000000000  1246.800000000000000
 1200.400000000000100  1247.200000000000000
 1200.000000000000000  1247.599999999999900
 1200.800000000000000  1247.599999999999900
 1200.800000000000000  1247.200000000000000
 1201.599999999999900  1247.200000000000000
 1201.599999999999900  1248.800000000000000
 1202.400000000000100  1248.400000000000100
 1203.200000000000000  1249.200000000000000
 1204.800000000000000  1249.599999999999900
 1204.800000000000000  1248.400000000000100
 1206.000000000000000  1248.000000000000000
 1206.800000000000000  1249.599999999999900
 1206.400000000000100  1250.000000000000000
 1207.200000000000000  1250.400000000000100
 1206.800000000000000  1249.200000000000000
 1208.000000000000000  1248.000000000000000
 1210.800000000000000  1248.000000000000000
 1210.800000000000000  1248.400000000000100
 1208.800000000000000  1248.800000000000000
 1208.800000000000000  1250.000000000000000
 1209.599999999999900  1249.599999999999900
 1209.599999999999900  1250.000000000000000
 1210.000000000000000  1251.200000000000000
 1208.400000000000100  1252.000000000000000
 1208.400000000000100  1252.400000000000100
 1211.200000000000000  1252.800000000000000
 1212.400000000000100  1254.000000000000000
 1212.800000000000000  1255.200000000000000
 1213.599999999999900  1255.599999999999900
 1215.599999999999900  1254.800000000000000
 1215.599999999999900  1255.200000000000000
 1217.599999999999900  1254.800000000000000
 1217.200000000000000  1255.599999999999900
 1218.000000000000000  1256.400000000000100
 1216.000000000000000  1256.000000000000000
 1214.800000000000000  1256.400000000000100
 1214.400000000000100  1257.200000000000000
 1214.000000000000000  1257.599999999999900
 1214.400000000000100  1256.400000000000100
 1212.400000000000100  1256.400000000000100
 1212.400000000000100  1255.599999999999900
 1209.599999999999900  1256.000000000000000
 1208.800000000000000  1256.000000000000000
 1210.400000000000100  1256.400000000000100
 1212.800000000000000  1258.400000000000100
 1214.000000000000000  1259.599999999999900
 1215.200000000000000  1259.599999999999900
 1215.200000000000000  1260.800000000000000
 1216.000000000000000  1261.200000000000000
 1216.000000000000000  1262.800000000000000
 1217.599999999999900  1263.599999999999900
 1217.200000000000000  1263.599999999999900
 1215.599999999999900  1264.000000000000000
 1216.400000000000100  1264.400000000000100
 1218.800000000000000  1268.000000000000000
 1220.400000000000100  1267.599999999999900
 1221.599999999999900  1268.000000000000000
 1223.200000000000000  1268.000000000000000
 1223.599999999999900  1267.599999999999900
 1223.599999999999900  1268.400000000000100
 1224.400000000000100  1269.599999999999900
 1223.599999999999900  1269.200000000000000
 1222.800000000000000  1269.599999999999900
 1223.200000000000000  1270.000000000000000
 1223.599999999999900  1270.400000000000100
 1224.000000000000000  1270.400000000000100
 1224.000000000000000  1271.200000000000000
 1222.400000000000100  1271.200000000000000
 1220.400000000000100  1270.400000000000100
 1216.000000000000000  1270.400000000000100
 1215.200000000000000  1270.800000000000000
 1215.200000000000000  1272.000000000000000
 1214.800000000000000  1270.800000000000000
 1214.800000000000000  1271.599999999999900
 1214.800000000000000  1272.400000000000100
 1214.800000000000000  1273.200000000000000
 1215.200000000000000  1273.200000000000000
 1214.800000000000000  1273.599999999999900
 1214.400000000000100  1273.599999999999900
 1214.800000000000000  1274.000000000000000
 1214.400000000000100  1274.000000000000000
 1213.599999999999900  1273.200000000000000
 1213.200000000000000  1272.800000000000000
 1212.000000000000000  1273.599999999999900
 1211.200000000000000  1273.599999999999900
 1211.599999999999900  1274.400000000000100
 1211.200000000000000  1274.400000000000100
 1213.200000000000000  1275.200000000000000
 1212.800000000000000  1275.200000000000000
 1212.800000000000000  1275.599999999999900
 1210.800000000000000  1275.599999999999900
 1210.400000000000100  1274.800000000000000
 1209.200000000000000  1275.599999999999900
 1208.800000000000000  1276.000000000000000
 1208.000000000000000  1275.599999999999900
 1207.599999999999900  1276.400000000000100
 1207.200000000000000  1276.000000000000000
 1208.000000000000000  1277.599999999999900
 1209.200000000000000  1277.200000000000000
 1208.400000000000100  1278.000000000000000
 1208.400000000000100  1278.800000000000000
 1208.000000000000000  1279.200000000000000
 1207.200000000000000  1279.599999999999900
 1208.800000000000000  1279.200000000000000
 1208.800000000000000  1280.000000000000000
 1210.400000000000100  1279.599999999999900
 1209.599999999999900  1281.200000000000000
 1212.000000000000000  1281.200000000000000
 1212.000000000000000  1282.400000000000100
 1212.400000000000100  1283.599999999999900
 1214.000000000000000  1284.400000000000100
 1215.599999999999900  1284.000000000000000
 1216.400000000000100  1284.800000000000000
 1215.599999999999900  1284.800000000000000
 1216.000000000000000  1285.200000000000000
 1215.599999999999900  1285.200000000000000
 1216.000000000000000  1286.400000000000100
 1216.400000000000100  1286.800000000000000
 1212.000000000000000  1286.800000000000000
 1212.400000000000100  1288.800000000000000
 1213.599999999999900  1288.000000000000000
 1214.000000000000000  1287.599999999999900
 1214.000000000000000  1289.200000000000000
 1213.599999999999900  1289.200000000000000
 1213.599999999999900  1289.599999999999900
 1212.800000000000000  1290.400000000000100
 1212.800000000000000  1291.200000000000000
 1213.599999999999900  1291.599999999999900
 1213.200000000000000  1291.599999999999900
 1214.000000000000000  1292.400000000000100
 1213.200000000000000  1292.400000000000100
 1213.200000000000000  1291.599999999999900
 1212.400000000000100  1292.000000000000000
 1212.000000000000000  1292.000000000000000
 1212.800000000000000  1292.800000000000000
 1212.400000000000100  1293.200000000000000
 1212.800000000000000  1293.599999999999900
 1212.400000000000100  1294.000000000000000
 1212.800000000000000  1294.400000000000100
 1211.599999999999900  1295.200000000000000
 1211.599999999999900  1294.400000000000100
 1211.200000000000000  1294.400000000000100
 1211.599999999999900  1294.000000000000000
 1210.800000000000000  1294.000000000000000
 1210.800000000000000  1293.599999999999900
 1210.400000000000100  1293.200000000000000
 1210.800000000000000  1292.000000000000000
 1210.000000000000000  1292.400000000000100
 1210.400000000000100  1295.200000000000000
 1210.800000000000000  1295.200000000000000
 1210.000000000000000  1296.000000000000000
 1210.800000000000000  1296.000000000000000
 1210.800000000000000  1296.400000000000100
 1212.000000000000000  1297.599999999999900
 1212.400000000000100  1296.400000000000100
 1213.200000000000000  1295.599999999999900
 1212.888888888888900  1294.977777777777900
 1212.533333333333300  1295.066666666666600
 1212.800000000000000  1294.800000000000000
 1212.888888888888900  1294.977777777777900
 1213.599999999999900  1294.800000000000000
 1213.599999999999900  1296.000000000000000
 1214.000000000000000  1295.599999999999900
 1214.000000000000000  1296.400000000000100
 1213.599999999999900  1297.200000000000000
 1214.000000000000000  1297.599999999999900
 1215.599999999999900  1297.200000000000000
 1218.400000000000100  1296.800000000000000
 1219.599999999999900  1295.200000000000000
 1220.400000000000100  1296.400000000000100
 1221.200000000000000  1296.000000000000000
 1221.599999999999900  1295.200000000000000
 1222.400000000000100  1294.800000000000000
 1222.000000000000000  1294.400000000000100
 1222.400000000000100  1294.000000000000000
 1222.000000000000000  1293.599999999999900
 1222.800000000000000  1293.200000000000000
 1223.200000000000000  1292.800000000000000
 1224.400000000000100  1295.200000000000000
 1226.000000000000000  1295.200000000000000
 1227.599999999999900  1294.000000000000000
 1228.400000000000100  1294.400000000000100
 1228.800000000000000  1294.400000000000100
 1229.599999999999900  1294.000000000000000
 1230.800000000000000  1292.800000000000000
 1231.599999999999900  1292.800000000000000
 1230.800000000000000  1294.000000000000000
 1230.400000000000100  1294.000000000000000
 1231.200000000000000  1294.400000000000100
 1232.400000000000100  1294.400000000000100
 1231.200000000000000  1295.599999999999900
 1232.400000000000100  1295.200000000000000
 1232.400000000000100  1295.599999999999900
 1231.599999999999900  1296.000000000000000
 1230.400000000000100  1295.599999999999900
 1230.000000000000000  1296.000000000000000
 1231.200000000000000  1296.800000000000000
 1231.200000000000000  1297.599999999999900
 1231.599999999999900  1297.599999999999900
 1232.800000000000000  1298.000000000000000
 1232.400000000000100  1298.800000000000000
 1232.800000000000000  1299.200000000000000
 1233.200000000000000  1298.800000000000000
 1235.200000000000000  1298.800000000000000
 1236.000000000000000  1300.000000000000000
 1236.400000000000100  1300.400000000000100
 1237.599999999999900  1302.400000000000100
 1234.800000000000000  1302.400000000000100
 1233.200000000000000  1300.800000000000000
 1233.200000000000000  1302.000000000000000
 1234.400000000000100  1302.400000000000100
 1230.400000000000100  1302.400000000000100
 1228.800000000000000  1304.000000000000000
 1229.200000000000000  1304.400000000000100
 1229.599999999999900  1304.400000000000100
 1229.200000000000000  1305.599999999999900
 1230.400000000000100  1306.400000000000100
 1234.000000000000000  1305.599999999999900
 1233.200000000000000  1306.400000000000100
 1234.400000000000100  1305.599999999999900
 1232.400000000000100  1307.599999999999900
 1235.599999999999900  1307.599999999999900
 1234.800000000000000  1308.400000000000100
 1234.800000000000000  1308.800000000000000
 1234.000000000000000  1309.200000000000000
 1234.000000000000000  1310.400000000000100
 1234.800000000000000  1310.400000000000100
 1234.000000000000000  1312.000000000000000
 1234.800000000000000  1312.000000000000000
 1234.800000000000000  1312.800000000000000
 1235.599999999999900  1312.400000000000100
 1235.599999999999900  1313.200000000000000
 1236.400000000000100  1313.200000000000000
 1236.400000000000100  1313.599999999999900
 1236.800000000000000  1314.800000000000000
 1238.400000000000100  1314.400000000000100
 1238.800000000000000  1314.400000000000100
 1238.400000000000100  1314.000000000000000
 1239.599999999999900  1314.400000000000100
 1240.400000000000100  1314.800000000000000
 1240.400000000000100  1316.400000000000100
 1240.800000000000000  1316.800000000000000
 1241.599999999999900  1316.400000000000100
 1241.599999999999900  1315.599999999999900
 1242.000000000000000  1315.599999999999900
 1242.400000000000100  1314.800000000000000
 1242.000000000000000  1314.400000000000100
 1242.800000000000000  1314.400000000000100
 1243.200000000000000  1315.599999999999900
 1242.400000000000100  1315.599999999999900
 1242.000000000000000  1316.800000000000000
 1243.200000000000000  1316.800000000000000
 1243.200000000000000  1314.800000000000000
 1244.000000000000000  1314.400000000000100
 1244.800000000000000  1314.000000000000000
 1244.800000000000000  1313.200000000000000
 1245.200000000000000  1314.000000000000000
 1244.800000000000000  1316.400000000000100
 1244.400000000000100  1314.400000000000100
 1244.400000000000100  1315.200000000000000
 1244.400000000000100  1316.000000000000000
 1243.599999999999900  1316.400000000000100
 1244.000000000000000  1316.800000000000000
 1244.400000000000100  1316.800000000000000
 1245.200000000000000  1317.599999999999900
 1246.000000000000000  1316.800000000000000
 1246.000000000000000  1315.200000000000000
 1246.800000000000000  1314.000000000000000
 1246.800000000000000  1312.800000000000000
 1245.200000000000000  1311.599999999999900
 1246.400000000000100  1311.599999999999900
 1245.200000000000000  1311.200000000000000
 1244.800000000000000  1310.000000000000000
 1246.400000000000100  1311.599999999999900
 1247.599999999999900  1312.000000000000000
 1247.599999999999900  1312.400000000000100
 1247.599999999999900  1314.000000000000000
 1246.800000000000000  1316.000000000000000
 1247.599999999999900  1316.400000000000100
 1246.800000000000000  1317.200000000000000
 1248.000000000000000  1317.200000000000000
 1249.200000000000000  1317.599999999999900
 1249.599999999999900  1317.599999999999900
 1249.599999999999900  1317.200000000000000
 1250.800000000000000  1317.200000000000000
 1249.599999999999900  1317.599999999999900
 1249.200000000000000  1318.400000000000100
 1249.599999999999900  1318.400000000000100
 1249.200000000000000  1319.200000000000000
 1248.800000000000000  1319.599999999999900
 1250.800000000000000  1319.200000000000000
 1251.599999999999900  1318.400000000000100
 1252.400000000000100  1317.599999999999900
 1255.072727272727200  1316.072727272727200
 1273.599999999999900  1334.599999999999900
 1273.599999999999900  1334.800000000000000
 1274.000000000000000  1335.000000000000000
 1274.866666666666600  1335.866666666666600
 1274.800000000000000  1336.000000000000000
 1275.200000000000000  1338.000000000000000
 1274.400000000000100  1336.000000000000000
 1274.000000000000000  1336.400000000000100
 1274.800000000000000  1338.000000000000000
 1274.400000000000100  1339.200000000000000
 1274.400000000000100  1341.200000000000000
 1275.200000000000000  1341.200000000000000
 1276.400000000000100  1344.000000000000000
 1279.200000000000000  1343.599999999999900
 1278.000000000000000  1344.800000000000000
 1277.200000000000000  1344.400000000000100
 1276.800000000000000  1344.800000000000000
 1276.800000000000000  1344.400000000000100
 1276.400000000000100  1344.800000000000000
 1276.800000000000000  1345.599999999999900
 1277.599999999999900  1345.200000000000000
 1278.400000000000100  1346.000000000000000
 1279.200000000000000  1346.400000000000100
 1277.599999999999900  1346.000000000000000
 1277.200000000000000  1346.400000000000100
 1278.000000000000000  1348.400000000000100
 1278.400000000000100  1348.800000000000000
 1279.599999999999900  1349.200000000000000
 1280.800000000000000  1349.200000000000000
 1279.200000000000000  1349.599999999999900
 1281.200000000000000  1352.800000000000000
 1280.000000000000000  1351.599999999999900
 1279.599999999999900  1351.599999999999900
 1278.800000000000000  1350.000000000000000
 1278.000000000000000  1349.599999999999900
 1277.599999999999900  1349.599999999999900
 1276.000000000000000  1348.000000000000000
 1275.200000000000000  1346.000000000000000
 1273.200000000000000  1345.200000000000000
 1272.400000000000100  1346.000000000000000
 1270.400000000000100  1346.800000000000000
 1269.599999999999900  1347.599999999999900
 1269.200000000000000  1348.800000000000000
 1270.000000000000000  1349.200000000000000
 1270.800000000000000  1349.200000000000000
 1272.618181818181700  1349.927272727272800
 1273.599999999999900  1349.599999999999900
 1275.200000000000000  1349.200000000000000
 1274.000000000000000  1349.599999999999900
 1272.800000000000000  1350.000000000000000
 1272.618181818181700  1349.927272727272800
 1272.400000000000100  1350.000000000000000
 1271.599999999999900  1349.599999999999900
 1270.800000000000000  1350.000000000000000
 1266.800000000000000  1350.000000000000000
 1266.400000000000100  1350.400000000000100
 1267.599999999999900  1351.599999999999900
 1269.200000000000000  1351.599999999999900
 1270.000000000000000  1352.000000000000000
 1270.800000000000000  1351.599999999999900
 1271.200000000000000  1351.200000000000000
 1271.200000000000000  1351.599999999999900
 1272.400000000000100  1352.000000000000000
 1271.599999999999900  1353.200000000000000
 1271.599999999999900  1353.599999999999900
 1273.200000000000000  1353.599999999999900
 1272.800000000000000  1354.000000000000000
 1273.200000000000000  1354.800000000000000
 1271.760000000000000  1355.040000000000000
 1272.000000000000000  1354.800000000000000
 1271.200000000000000  1354.800000000000000
 1270.800000000000000  1355.200000000000000
 1271.760000000000000  1355.040000000000000
 1271.599999999999900  1355.200000000000000
 1272.000000000000000  1357.200000000000000
 1273.200000000000000  1357.599999999999900
 1273.200000000000000  1357.200000000000000
 1274.000000000000000  1356.400000000000100
 1276.000000000000000  1356.800000000000000
 1274.800000000000000  1356.800000000000000
 1274.000000000000000  1357.200000000000000
 1274.000000000000000  1357.599999999999900
 1274.000000000000000  1358.400000000000100
 1272.800000000000000  1358.800000000000000
 1272.800000000000000  1359.200000000000000
 1273.599999999999900  1360.000000000000000
 1274.400000000000100  1360.000000000000000
 1276.000000000000000  1358.800000000000000
 1277.200000000000000  1359.599999999999900
 1275.599999999999900  1359.200000000000000
 1275.599999999999900  1360.000000000000000
 1274.400000000000100  1361.200000000000000
 1274.000000000000000  1361.599999999999900
 1274.800000000000000  1361.599999999999900
 1274.800000000000000  1362.400000000000100
 1274.800000000000000  1362.800000000000000
 1274.800000000000000  1363.599999999999900
 1276.400000000000100  1363.599999999999900
 1277.599999999999900  1362.400000000000100
 1278.000000000000000  1362.800000000000000
 1277.200000000000000  1362.800000000000000
 1276.400000000000100  1364.000000000000000
 1273.599999999999900  1364.000000000000000
 1274.400000000000100  1365.200000000000000
 1275.066666666666800  1365.599999999999900
 1275.200000000000000  1365.200000000000000
 1275.733333333333300  1366.000000000000000
 1275.066666666666800  1365.599999999999900
 1274.800000000000000  1366.400000000000100
 1275.200000000000000  1366.400000000000100
 1275.200000000000000  1366.800000000000000
 1273.200000000000000  1365.599999999999900
 1272.400000000000100  1365.599999999999900
 1272.400000000000100  1366.800000000000000
 1272.800000000000000  1367.200000000000000
 1272.400000000000100  1367.200000000000000
 1272.800000000000000  1367.599999999999900
 1272.000000000000000  1368.000000000000000
 1272.000000000000000  1369.200000000000000
 1272.800000000000000  1370.800000000000000
 1273.200000000000000  1370.800000000000000
 1273.599999999999900  1370.000000000000000
 1274.000000000000000  1370.400000000000100
 1274.800000000000000  1369.200000000000000
 1274.800000000000000  1369.599999999999900
 1275.200000000000000  1369.200000000000000
 1276.400000000000100  1370.000000000000000
 1275.599999999999900  1370.000000000000000
 1274.800000000000000  1370.400000000000100
 1274.400000000000100  1370.800000000000000
 1274.000000000000000  1371.599999999999900
 1274.000000000000000  1372.400000000000100
 1272.800000000000000  1372.400000000000100
 1273.200000000000000  1374.400000000000100
 1273.599999999999900  1374.400000000000100
 1272.800000000000000  1375.200000000000000
 1273.200000000000000  1376.000000000000000
 1272.800000000000000  1377.599999999999900
 1274.400000000000100  1378.000000000000000
 1274.800000000000000  1377.599999999999900
 1274.800000000000000  1376.000000000000000
 1275.200000000000000  1375.200000000000000
 1275.599999999999900  1376.000000000000000
 1276.000000000000000  1376.000000000000000
 1276.000000000000000  1377.599999999999900
 1275.200000000000000  1378.000000000000000
 1275.599999999999900  1379.599999999999900
 1276.000000000000000  1379.200000000000000
 1276.400000000000100  1379.599999999999900
 1276.400000000000100  1378.000000000000000
 1277.599999999999900  1378.000000000000000
 1278.000000000000000  1379.200000000000000
 1280.800000000000000  1377.599999999999900
 1280.400000000000100  1378.000000000000000
 1278.800000000000000  1379.599999999999900
 1278.400000000000100  1380.000000000000000
 1278.800000000000000  1380.000000000000000
 1279.599999999999900  1378.800000000000000
 1280.400000000000100  1379.200000000000000
 1281.599999999999900  1378.000000000000000
 1282.400000000000100  1377.200000000000000
 1282.400000000000100  1377.599999999999900
 1280.800000000000000  1379.200000000000000
 1281.200000000000000  1379.599999999999900
 1280.000000000000000  1380.400000000000100
 1279.200000000000000  1381.200000000000000
 1278.400000000000100  1382.400000000000100
 1278.000000000000000  1382.800000000000000
 1278.000000000000000  1383.599999999999900
 1279.200000000000000  1382.800000000000000
 1280.800000000000000  1382.800000000000000
 1280.000000000000000  1384.000000000000000
 1280.400000000000100  1384.000000000000000
 1280.000000000000000  1384.400000000000100
 1280.400000000000100  1384.400000000000100
 1280.000000000000000  1384.800000000000000
 1279.200000000000000  1385.599999999999900
 1279.599999999999900  1385.599999999999900
 1278.800000000000000  1386.800000000000000
 1278.800000000000000  1387.599999999999900
 1280.000000000000000  1386.000000000000000
 1281.200000000000000  1387.200000000000000
 1281.599999999999900  1386.400000000000100
 1282.400000000000100  1387.200000000000000
 1284.400000000000100  1386.400000000000100
 1284.000000000000000  1386.800000000000000
 1284.400000000000100  1387.200000000000000
 1283.200000000000000  1387.200000000000000
 1282.000000000000000  1388.000000000000000
 1282.400000000000100  1388.400000000000100
 1282.000000000000000  1388.400000000000100
 1281.599999999999900  1388.800000000000000
 1282.400000000000100  1390.400000000000100
 1283.599999999999900  1390.000000000000000
 1283.200000000000000  1390.400000000000100
 1282.800000000000000  1390.800000000000000
 1283.200000000000000  1390.800000000000000
 1282.800000000000000  1391.200000000000000
 1283.599999999999900  1391.599999999999900
 1284.400000000000100  1391.200000000000000
 1284.000000000000000  1392.000000000000000
 1282.400000000000100  1392.800000000000000
 1282.400000000000100  1393.200000000000000
 1283.599999999999900  1393.599999999999900
 1284.000000000000000  1396.400000000000100
 1284.400000000000100  1395.599999999999900
 1285.200000000000000  1395.599999999999900
 1286.000000000000000  1395.200000000000000
 1286.000000000000000  1394.800000000000000
 1286.533333333333300  1395.066666666666600
 1286.800000000000000  1394.800000000000000
 1288.000000000000000  1394.000000000000000
 1288.000000000000000  1393.599999999999900
 1286.800000000000000  1391.599999999999900
 1288.000000000000000  1392.800000000000000
 1288.000000000000000  1393.599999999999900
 1288.800000000000000  1393.599999999999900
 1288.800000000000000  1394.800000000000000
 1290.000000000000000  1394.400000000000100
 1290.800000000000000  1393.599999999999900
 1291.200000000000000  1393.200000000000000
 1290.400000000000100  1391.200000000000000
 1291.599999999999900  1393.599999999999900
 1292.800000000000000  1393.599999999999900
 1293.599999999999900  1392.800000000000000
 1293.599999999999900  1393.200000000000000
 1293.599999999999900  1394.000000000000000
 1294.400000000000100  1393.599999999999900
 1294.800000000000000  1394.400000000000100
 1295.599999999999900  1394.000000000000000
 1296.000000000000000  1394.800000000000000
 1296.000000000000000  1394.400000000000100
 1298.800000000000000  1394.400000000000100
 1300.400000000000100  1394.800000000000000
 1302.000000000000000  1394.800000000000000
 1302.000000000000000  1394.400000000000100
 1302.400000000000100  1394.400000000000100
 1303.200000000000000  1395.200000000000000
 1304.400000000000100  1394.800000000000000
 1304.400000000000100  1395.200000000000000
 1303.599999999999900  1396.400000000000100
 1304.400000000000100  1396.800000000000000
4
 1277.200000000000000  1367.599999999999900
 1276.000000000000000  1366.400000000000100
 1275.733333333333300  1366.000000000000000
 1276.400000000000100  1366.400000000000100
3
 1274.000000000000000  1354.000000000000000
 1273.599999999999900  1354.000000000000000
 1273.200000000000000  1353.599999999999900
7
 1254.000000000000000  1315.000000000000000
 1252.000000000000000  1314.000000000000000
 1250.800000000000000  1312.400000000000100
 1252.800000000000000  1311.599999999999900
 1254.000000000000000  1312.000000000000000
 1254.360000000000100  1312.719999999999800
 1252.599999999999900  1313.599999999999900
5
 1234.800000000000000  1309.200000000000000
 1234.800000000000000  1308.800000000000000
 1235.599999999999900  1308.400000000000100
 1236.000000000000000  1308.400000000000100
 1235.599999999999900  1308.800000000000000
3
 1271.000000000000000  1304.399999999999900
 1271.200000000000000  1304.000000000000000
 1271.114285714285600  1304.342857142857200
3
 1212.000000000000000  1295.599999999999900
 1212.000000000000000  1295.200000000000000
 1212.533333333333300  1295.066666666666600
3
 1353.200000000000000  1276.400000000000100
 1353.200000000000000  1275.599999999999900
 1352.933333333333400  1276.666666666666500
16
 1222.400000000000100  1258.800000000000000
 1221.200000000000000  1258.400000000000100
 1221.200000000000000  1257.599999999999900
 1219.599999999999900  1255.599999999999900
 1218.400000000000100  1256.000000000000000
 1217.599999999999900  1254.800000000000000
 1221.200000000000000  1256.000000000000000
 1221.200000000000000  1255.200000000000000
 1222.000000000000000  1255.200000000000000
 1222.800000000000000  1256.400000000000100
 1224.400000000000100  1256.000000000000000
 1224.800000000000000  1256.400000000000100
 1226.000000000000000  1256.400000000000100
 1224.000000000000000  1257.200000000000000
 1222.800000000000000  1257.200000000000000
 1222.800000000000000  1257.599999999999900
3
 1212.800000000000000  1254.000000000000000
 1212.400000000000100  1254.000000000000000
 1213.200000000000000  1253.200000000000000
3
 1204.800000000000000  1233.200000000000000
 1203.599999999999900  1233.200000000000000
 1203.599999999999900  1233.599999999999900
5
 1318.000000000000000  1230.800000000000000
 1316.800000000000000  1230.800000000000000
 1315.000000000000000  1229.000000000000000
 1315.000000000000000  1227.400000000000100
 1316.800000000000000  1230.000000000000000
38
 1296.400000000000100  1228.000000000000000
 1295.600000000000100  1228.000000000000000
 1288.072727272727200  1212.945454545454600
 1288.800000000000000  1212.800000000000000
 1289.200000000000000  1212.800000000000000
 1290.400000000000100  1213.599999999999900
 1291.200000000000000  1214.400000000000100
 1290.000000000000000  1216.400000000000100
 1290.400000000000100  1216.400000000000100
 1290.400000000000100  1216.800000000000000
 1290.800000000000000  1216.800000000000000
 1297.200000000000000  1218.800000000000000
 1300.000000000000000  1218.400000000000100
 1300.400000000000100  1218.400000000000100
 1302.400000000000100  1217.599999999999900
 1302.800000000000000  1217.200000000000000
 1304.400000000000100  1217.200000000000000
 1306.000000000000000  1217.599999999999900
 1308.000000000000000  1217.599999999999900
 1308.800000000000000  1218.400000000000100
 1308.800000000000000  1218.800000000000000
 1308.800000000000000  1220.000000000000000
 1309.200000000000000  1220.000000000000000
 1309.599999999999900  1222.000000000000000
 1310.400000000000100  1222.800000000000000
 1311.400000000000100  1223.599999999999900
 1309.400000000000100  1225.599999999999900
 1308.800000000000000  1225.599999999999900
 1307.200000000000000  1224.400000000000100
 1307.200000000000000  1223.599999999999900
 1306.400000000000100  1223.599999999999900
 1306.400000000000100  1222.800000000000000
 1305.200000000000000  1222.400000000000100
 1302.800000000000000  1222.400000000000100
 1300.800000000000000  1222.800000000000000
 1299.200000000000000  1224.400000000000100
 1298.400000000000100  1224.400000000000100
 1297.200000000000000  1225.599999999999900
